101 79 18 104 21 57 26 12 68 94 6 33 95 96 -1
101 79 18 104 21 57 26 12 68 94 6 50 74 56 40 45 2 23 52 92 48 103 10 25 38 -1
10 38 78 80 61 76 44 13 31 82 5 27 14 -1
87 73 32 18 104 21 57 26 12 68 94 6 33 29 4 89 34 61 80 78 38 25 59 69 71 -1
58 55 51 41 36 28 45 40 56 74 50 6 94 68 12 26 57 21 104 18 73 87 32 -1
58 55 51 41 36 28 45 40 56 29 4 44 13 37 24 81 53 54 -1
107 86 22 75 90 45 40 56 74 85 94 42 6 30 77 50 33 109 95 -1
97 81 54 53 24 37 13 44 4 29 56 40 45 28 72 3 88 22 86 107 -1
87 32 73 18 104 21 57 26 12 68 94 6 33 29 4 44 13 37 81 97 31 -1
81 37 53 24 97 13 44 76 61 99 78 38 25 103 -1
103 25 38 10 48 92 52 23 2 45 40 56 74 30 93 64 67 100 7 9 -1
107 86 88 3 72 28 45 40 56 29 95 96 105 27 14 82 97 37 81 54 -1
24 81 97 37 54 53 13 44 4 29 33 6 94 68 12 26 57 21 104 18 79 32 87 -1
83 92 11 8 108 52 91 19 65 89 44 13 31 82 15 5 -1
35 57 16 9 7 49 68 94 6 50 74 56 40 45 90 75 22 88 -1
58 55 51 41 36 28 45 40 56 29 4 89 76 60 34 61 80 -1
24 54 81 37 13 44 89 65 19 91 23 2 1 84 106 28 72 36 75 22 86 107 -1
58 55 51 41 36 28 45 2 23 52 92 48 47 71 80 69 99 -1
69 59 78 46 47 48 92 52 23 2 45 28 36 41 51 55 58 -1
13 97 82 5 105 95 33 6 94 68 12 26 57 21 104 18 32 87 73 -1
25 10 48 59 47 46 61 34 89 4 29 50 30 93 64 67 100 9 49 7 -1
32 87 73 79 18 104 21 57 26 12 68 94 6 33 29 4 44 13 31 97 82 -1
1 62 8 48 47 46 61 34 89 4 109 95 96 105 27 5 97 37 24 53 54 -1
20 88 3 72 28 45 40 56 74 50 6 94 68 12 26 57 21 104 18 79 101 -1
60 34 61 99 78 48 92 52 23 2 45 90 75 22 86 107 -1
54 53 13 44 4 29 56 40 45 90 75 20 39 3 86 -1
26 57 16 43 17 9 68 94 6 50 74 56 40 45 2 23 52 92 48 59 69 99 46 -1
38 25 103 48 8 108 23 2 45 40 56 74 50 6 94 68 9 17 12 7 -1
49 68 100 67 64 98 30 74 56 40 45 90 75 39 72 41 3 88 22 86 107 -1
29 95 96 105 5 15 82 31 13 44 76 46 47 48 103 10 25 59 -1
107 86 22 88 20 75 36 106 84 1 8 62 11 92 48 78 80 69 -1
71 47 69 99 61 34 89 4 29 33 6 94 68 100 7 12 17 35 102 21 0 -1
103 25 38 10 48 92 52 91 19 65 4 95 105 14 27 5 15 -1
70 21 102 35 26 12 68 94 6 50 74 56 40 45 2 23 108 62 11 1 84 106 28 90 75 -1
71 80 61 66 34 60 76 89 4 29 50 77 85 98 93 94 30 6 74 -1
87 32 18 104 21 57 26 12 68 94 6 33 29 65 19 91 83 52 108 92 48 10 25 38 78 -1
87 32 18 104 21 57 26 12 68 94 6 50 74 56 40 45 90 75 22 86 107 -1
75 88 39 20 3 51 63 41 36 28 45 40 56 29 95 105 5 82 97 81 53 54 -1
103 25 10 59 46 76 44 13 31 5 27 14 105 96 95 109 65 19 91 52 23 108 62 -1
101 79 18 104 21 57 26 12 68 94 6 33 95 105 14 27 5 15 82 97 24 81 54 -1
0 102 57 16 9 68 94 6 50 74 56 40 45 2 23 83 52 108 62 -1
99 80 71 46 61 34 89 4 29 33 6 94 68 12 26 35 102 57 70 -1
87 73 32 18 104 21 57 26 12 68 94 6 50 74 56 40 45 2 1 62 108 83 91 19 65 29 -1
10 48 92 83 52 108 11 1 2 23 91 19 65 89 44 13 37 24 53 -1
47 69 78 38 10 48 92 52 23 2 45 28 72 3 88 75 39 20 -1
18 104 21 0 70 26 12 68 94 6 50 74 56 40 45 90 75 39 20 88 86 107 -1
107 86 22 75 90 45 40 56 29 4 89 34 66 76 60 -1
104 21 0 70 26 12 68 94 6 33 29 4 89 34 66 61 76 44 13 37 54 -1
15 5 105 95 33 50 30 93 64 67 7 49 17 35 26 70 102 57 16 43 -1
87 32 73 18 104 21 57 26 12 68 94 6 50 74 56 40 45 28 106 84 1 8 92 -1
53 24 37 13 44 4 29 33 6 94 68 12 26 57 21 104 18 73 87 32 -1
58 55 51 41 36 28 45 40 56 29 109 33 42 50 85 6 -1
38 69 46 61 34 89 4 29 33 6 94 68 12 26 57 21 104 18 79 101 -1
27 105 96 95 109 33 74 30 85 98 64 7 12 26 57 21 104 18 79 101 -1
58 55 51 41 36 28 45 40 56 74 30 93 64 67 100 68 9 43 12 7 49 -1 

