59 48 92 52 23 2 45 40 56 74 50 6 94 68 12 26 57 21 104 18 79 101 -1
38 78 80 61 34 89 4 29 33 6 94 68 12 26 57 21 104 18 32 87 -1
58 55 51 41 36 28 45 40 56 74 50 6 94 68 12 26 57 21 104 18 73 -1
87 32 18 104 21 57 26 12 68 94 6 50 74 56 40 45 90 75 22 86 107 -1
24 37 13 44 4 29 56 40 45 28 72 3 88 -1
10 48 92 52 23 2 45 40 56 74 30 93 64 67 100 -1
54 53 13 44 4 29 33 6 94 68 12 26 57 21 104 18 79 101 -1
8 108 52 91 19 65 89 44 13 31 82 15 -1
82 5 105 95 33 6 94 68 12 26 35 102 -1
58 55 51 41 36 28 45 2 23 52 92 48 47 71 -1
0 70 26 12 68 94 6 50 74 56 40 45 2 23 108 8 -1
47 46 61 34 89 4 29 50 30 93 64 67 -1
58 55 51 41 36 28 45 40 56 29 4 89 76 60 -1
99 78 48 92 52 23 2 45 90 75 22 86 107 -1
17 9 68 94 6 50 74 56 40 45 2 23 52 92 48 25 -1
81 37 13 44 89 65 19 91 23 2 1 84 -1
87 32 18 104 21 57 26 12 68 94 6 50 74 56 40 45 28 72 3 88 -1
27 105 95 4 65 19 91 52 92 48 103 -1
15 5 105 95 29 56 40 45 90 75 22 86 107 -1
11 1 2 45 40 56 74 50 6 94 68 12 26 35 102 -1
7 49 68 94 6 50 74 56 40 45 2 23 52 92 48 103 -1
87 32 18 104 21 57 26 12 68 94 6 33 29 65 19 91 -1
10 59 46 76 44 13 31 5 27 -1
0 70 26 12 68 94 6 33 29 4 89 34 61 46 69 -1
38 10 48 92 52 23 2 45 28 72 3 88 -1
8 1 84 106 36 72 3 86 107 -1
54 53 13 44 4 29 56 40 45 90 75 22 86 107 -1
15 5 105 95 33 6 94 68 12 26 57 21 104 18 32 87 -1
16 9 68 94 6 33 29 4 89 34 61 46 71 -1
84 106 28 45 40 56 74 50 6 94 68 12 26 57 21 104 18 79 101 -1
24 37 13 44 4 29 33 6 94 68 12 26 57 21 104 18 73 -1
15 82 31 13 44 76 46 47 48 103 -1
98 64 7 12 26 57 21 104 18 79 101 -1
58 55 51 41 36 28 45 40 56 74 30 93 64 67 100 -1
62 1 2 45 40 56 74 50 6 94 68 12 26 57 21 104 18 32 87 -1
63 41 36 28 45 40 56 29 4 89 34 66 -1
60 34 61 46 47 48 92 11 62 -1
20 75 90 45 40 56 74 50 6 94 68 12 26 57 21 104 18 79 101 -1
15 5 105 95 33 50 30 93 64 67 -1
99 61 34 89 4 29 33 6 94 68 12 26 35 102 -1
39 75 90 45 2 23 52 92 48 59 69 -1
14 5 31 13 44 76 61 80 78 38 -1
100 67 64 93 30 74 56 40 45 90 75 22 86 107 -1
58 55 51 41 36 28 45 40 56 29 95 105 5 82 -1
47 46 61 34 89 4 29 33 6 94 68 12 26 57 21 104 18 79 101 -1
11 108 52 91 19 65 4 95 105 14 -1
43 9 68 94 6 33 29 4 44 13 97 -1
67 64 93 30 50 29 4 44 13 37 81 -1
77 30 94 68 12 26 57 21 104 18 79 101 -1
60 76 89 4 29 33 6 94 68 12 26 57 21 104 18 73 -1
54 53 13 44 89 65 19 91 52 108 62 -1
14 105 95 33 6 94 68 12 26 57 21 104 18 79 101 -1
54 53 13 44 4 29 56 40 45 28 36 41 51 55 58 -1
88 3 72 28 45 40 56 74 30 93 64 67 100 -1
11 1 84 106 36 41 51 55 58 -1