0    66    14    543    563    415    437    437    530    499    239    187    48    147    343    244    550    183    454    495    294    246    182    571    56    97    265    339    125    351    360    599    35    413    327    343    415    31    598    499    281    80    523    564    217    450    355    465    543    266    215    519    560    107    83    9    181    21    474    455    285    146    93    174    106    293    274    364    537    551    585    286    275    463    114    176    329    117    178    200    332    52    253    463    466    154    37    13    557    445    96    400    101    419    280    265    342    454    107    259    148    90    11    576    74    196    192    362    363    450     

66    0    385    211    479    177    2    82    527    430    440    475    340    157    343    577    34    591    116    546    410    300    487    255    468    205    223    166    275    484    322    63    67    474    444    567    70    421    460    164    155    404    31    414    88    281    236    318    62    314    406    334    507    315    312    37    310    51    498    269    474    49    298    322    533    468    22    257    99    444    302    322    123    88    206    108    395    277    369    244    383    151    321    209    109    343    91    183    20    410    472    183    179    49    549    111    398    250    4    75    570    451    403    271    506    382    35    503    2    381     

14    385    0    75    54    217    259    34    392    436    213    52    452    220    155    364    249    113    439    119    435    393    25    497    66    249    236    249    304    12    225    535    413    409    278    462    233    390    530    501    509    235    247    439    182    58    445    490    350    138    511    53    297    490    300    290    498    482    253    571    96    206    214    200    488    396    506    535    384    476    511    509    84    103    3    256    489    120    498    223    52    104    13    121    574    206    49    314    247    114    209    4    163    42    216    338    421    222    495    352    383    406    255    46    91    596    476    283    17    588  

543    211    75    0    143    503    102    120    382    208    37    519    113    550    293    509    140    130    206    518    404    497    56    324    592    166    315    593    382    413    69    582    166    509    443    401    559    309    351    317    492    375    506    115    179    129    47    383    570    80    596    230    406    319    237    130    369    390    511    568    423    558    550    393    302    568    347    292    591    373    453    501    349    568    98    318    553    440    203    251    31    90    258    276    137    483    80    44    159    210    87    495    399    172    345    128    302    353    12    503    443    332    114    26    468    553    441    187    472    174  

563    479    54    143    0    107    407    32    308    587    558    426    111    149    30    436    368    32    538    298    540    12    480    476    237    410    120    158    470    188    249    157    244    497    413    595    40    421    589    432    393    155    383    293    367    192    515    422    130    382    102    203    209    113    325    2    302    409    123    333    462    461    149    556    183    552    419    535    98    91    425    11    439    279    340    598    536    317    64    175    398    4    429    127    167    405    251    230    106    414    314    236    249    290    340    445    468    354    502    432    367    58    409    356    569    146    223    168    317    103 

415    177    217    503    107    0    249    525    238    526    582    281    180    28    365    171    523    341    475    7    266    31    224    229    161    218    260    106    267    390    559    338    555    369    30    383    75    348    298    571    360    312    266    167    33    522    528    86    399    505    577    73    350    408    422    343    320    348    376    496    523    235    408    390    185    151    253    273    286    422    494    285    407    487    391    83    557    147    96    161    16    302    385    366    360    281    122    182    183    157    350    550    443    205    520    245    471    64    478    8    345    154    194    584    254    551    376    425    130    563  

437    2    259    102    407    249    0    377    266    532    569    413    500    509    565    504    144    457    104    555    434    126    584    595    332    273    201    527    472    137    236    562    94    323    459    553    342    28    494    583    323    173    213    123    485    576    426    195    296    81    145    410    286    96    64    61    502    571    541    155    495    441    473    554    93    177    279    143    318    8    176    461    434    489    126    327    37    174    595    192    75    461    429    247    6    295    504    521    135    74    481    262    207    61    507    334    240    468    416    132    253    217    444    336    378    138    89    219    450    339 

437    82    34    120    32    525    377    0    451    523    235    328    280    599    344    12    222    516    123    256    184    125    308    547    230    377    435    391    465    206    326    52    216    484    479    470    425    37    349    442    327    560    142    454    461    60    142    190    44    250    126    122    391    307    468    76    376    416    426    352    582    137    526    549    254    501    30    88    523    176    341    255    284    283    166    507    520    140    460    486    464    590    172    292    513    68    513    447    388    319    425    530    36    400    376    55    324    326    281    148    594    476    503    196    103    273    459    37    179    448 

530    527    392    382    308    238    266    451    0    331    236    518    10    18    418    453    79    405    38    210    533    65    318    303    345    246    476    349    158    365    11    106    151    414    228    169    50    281    329    99    228    390    581    100    259    177    151    361    35    557    345    476    424    193    289    178    581    519    299    60    424    41    264    257    498    503    504    485    494    491    272    146    52    14    95    589    427    243    219    596    209    161    571    107    342    341    480    78    165    200    322    139    160    17    384    558    172    79    431    444    28    483    158    205    142    509    462    477    434    322 

499    430    436    208    587    526    532    523    331    0    405    429    198    481    480    580    415    517    397    358    358    204    379    391    596    367    166    209    260    170    242    560    244    35    92    455    30    223    576    556    377    24    474    198    135    579    564    583    187    333    81    124    258    486    172    457    403    29    456    401    339    427    492    67    281    549    298    513    243    384    197    162    587    81    549    287    218    148    17    155    184    178    279    171    37    368    202    413    334    586    177    597    159    94    72    369    249    589    565    374    321    460    202    477    101    345    170    525    27    42 

239    440    213    37    558    582    569    235    236    405    0    377    196    536    62    220    496    570    399    514    183    67    439    254    430    10    399    186    519    560    215    481    595    307    103    321    215    74    340    444    164    246    351    562    302    89    527    68    222    463    135    135    451    253    281    26    547    146    226    190    239    16    119    106    372    359    325    184    14    255    7    408    375    551    328    598    245    31    80    450    234    390    483    516    429    569    101    186    597    521    226    408    286    504    114    459    308    511    545    370    540    239    365    537    18    234    240    499    29    77   

187    475    52    519    426    281    413    328    518    429    377    0    430    323    583    293    424    423    353    34    383    18    51    276    444    77    200    537    83    561    240    241    225    355    175    486    90    372    195    51    69    108    106    271    60    179    498    350    298    196    563    565    521    598    39    380    47    121    425    471    184    51    415    215    487    361    337    283    381    83    165    593    229    185    298    190    429    446    454    109    109    391    197    417    289    85    151    302    20    429    244    289    131    345    430    423    371    208    179    19    272    96    558    553    163    556    233    240    350    536 

48    340    452    113    111    180    500    280    10    198    196    430    0    505    549    479    417    406    170    400    202    78    221    143    297    173    164    511    464    50    215    145    391    449    590    280    126    32    569    344    136    9    567    562    140    11    445    207    229    285    80    342    593    408    510    140    519    328    55    31    593    343    337    39    401    518    569    378    512    193    525    338    498    541    557    236    413    416    467    144    215    221    488    160    87    371    365    551    212    577    403    304    235    529    490    144    404    334    470    241    155    467    568    156    324    161    49    113    407    28 

147    157    220    550    149    28    509    599    18    481    536    323    505    0    65    230    100    235    13    194    432    474    478    53    189    246    302    310    367    420    14    472    491    398    43    202    178    43    64    362    163    386    260    557    295    363    11    189    166    410    483    311    399    8    453    288    132    592    11    277    356    115    73    347    594    577    540    249    210    205    119    560    4    427    436    579    9    560    183    241    362    390    334    189    329    579    181    182    327    293    127    272    316    140    454    102    588    220    275    9    463    341    465    370    233    176    564    592    296    153 

343    343    155    293    30    365    565    344    418    480    62    583    549    65    0    183    391    213    476    467    213    57    333    347    514    472    192    308    203    515    201    411    475    207    106    182    95    355    39    164    28    432    206    296    272    225    352    16    201    497    127    397    166    355    244    563    480    341    350    408    180    486    272    178    184    510    583    224    519    317    358    250    579    203    145    453    318    455    451    598    421    91    260    160    282    132    218    25    500    48    114    390    45    176    355    79    456    485    368    470    76    375    248    72    154    280    28    270    71    23 

244    577    364    509    436    171    504    12    453    580    220    293    479    230    183    0    436    13    46    80    262    497    550    312    516    145    74    303    336    27    307    462    7    456    455    32    152    538    43    245    120    162    165    473    563    191    159    92    168    472    464    418    249    515    589    226    222    454    191    52    421    178    89    92    272    335    585    267    132    330    48    500    241    596    264    340    434    444    465    347    115    549    55    375    546    2    596    519    228    437    366    237    165    287    348    141    194    217    10    402    567    394    263    368    16    345    399    500    566    362 

550    34    249    140    368    523    144    222    79    415    496    424    417    100    391    436    0    586    367    369    430    464    273    132    194    599    531    50    450    546    221    314    318    344    61    401    314    215    409    477    180    299    292    298    207    390    524    211    44    381    453    494    80    221    414    492    584    153    80    211    432    545    391    82    460    368    185    233    46    378    52    139    326    288    260    337    536    210    562    412    406    143    416    182    350    212    96    29    119    159    141    133    237    382    481    329    220    505    165    118    192    241    559    20    275    324    222    498    488    262 

183    591    113    130    32    341    457    516    405    517    570    423    406    235    213    13    586    0    193    245    29    92    573    324    262    520    317    355    323    381    4    123    291    166    598    346    130    327    228    100    406    183    198    597    135    569    363    25    597    445    276    267    380    88    519    134    506    221    464    523    225    54    433    296    279    75    401    209    10    477    211    222    370    248    109    185    319    331    193    282    433    45    169    65    599    182    435    63    79    167    52    273    323    391    129    249    205    235    16    83    417    144    309    210    481    128    233    188    158    167 

454    116    439    206    538    475    104    123    38    397    399    353    170    13    476    46    367    193    0    380    273    497    562    291    387    162    475    381    82    498    151    575    23    275    304    131    112    192    206    147    466    412    271    546    462    388    92    107    432    89    143    449    417    366    454    246    330    570    136    292    43    115    532    427    585    544    233    248    414    272    23    62    145    316    388    59    215    406    331    418    442    453    55    565    454    542    45    50    177    8    73    2    124    135    65    548    192    72    277    105    262    463    71    387    557    473    513    294    4    498 

495    546    119    518    298    7    555    256    210    358    514    34    400    194    467    80    369    245    380    0    571    47    6    288    561    377    119    15    117    246    257    346    166    346    579    43    364    339    7    482    318    389    511    178    50    139    395    513    481    320    393    582    460    579    401    420    431    440    220    301    217    491    593    74    109    127    115    382    448    285    99    43    183    152    437    460    460    445    521    553    484    472    513    409    41    42    50    554    343    399    369    12    237    483    123    467    491    477    216    219    218    555    229    6    387    333    285    337    24    374 

294    410    435    404    540    266    434    184    533    358    183    383    202    432    213    262    430    29    273    571    0    484    469    241    108    80    272    333    529    4    28    294    210    74    560    350    244    300    218    267    399    279    430    5    235    220    240    448    335    580    365    259    96    392    216    339    166    274    40    532    59    52    342    126    524    187    333    528    586    591    538    91    154    218    347    413    130    28    345    323    165    500    312    185    144    406    134    259    52    483    387    564    445    77    428    75    224    471    69    391    177    432    254    290    495    94    31    334    76    239 

246    300    393    497    12    31    126    125    65    204    67    18    78    474    57    497    464    92    497    47    484    0    513    221    452    194    267    93    425    84    86    87    440    239    301    128    317    389    476    273    22    74    275    545    158    583    87    219    64    59    175    362    286    564    350    400    309    243    305    254    207    566    454    582    92    550    287    260    549    329    50    275    224    338    214    20    137    244    196    176    291    470    15    239    163    424    186    546    340    35    29    26    253    311    483    299    147    14    204    395    380    301    97    461    114    315    41    426    287    298 

182    487    25    56    480    224    584    308    318    379    439    51    221    478    333    550    273    573    562    6    469    513    0    471    391    203    131    582    441    304    134    146    37    478    542    44    92    160    347    154    515    185    441    296    233    316    598    295    370    216    385    272    121    580    70    510    138    508    582    445    557    336    51    194    358    301    145    201    65    131    7    517    234    347    301    160    171    106    447    503    190    473    288    212    203    59    155    190    171    275    570    349    288    226    294    88    15    278    200    139    491    191    1    252    291    437    471    148    49    446 

571    255    497    324    476    229    595    547    303    391    254    276    143    53    347    312    132    324    291    288    241    221    471    0    100    89    256    181    52    135    537    326    83    350    154    398    168    415    180    128    394    361    471    290    110    264    428    294    346    421    167    116    329    48    215    325    60    409    107    586    465    583    18    43    282    408    39    179    308    327    272    137    66    499    329    490    134    340    538    81    108    424    529    288    75    276    573    104    521    190    393    125    82    327    113    205    308    454    333    303    369    31    359    394    379    233    480    53    145    48 

56    468    66    592    237    161    332    230    345    596    430    444    297    189    514    516    194    262    387    561    108    452    391    100    0    347    155    314    319    252    361    114    58    596    192    554    464    312    355    371    291    456    149    565    224    228    516    5    325    161    94    421    4    353    558    157    467    401    267    295    180    564    302    528    280    484    149    139    411    96    1    159    396    417    544    369    76    87    408    84    408    153    89    292    156    26    126    267    542    414    32    267    589    451    534    90    476    205    68    315    278    186    39    160    495    484    587    205    5    396 

97    205    249    166    410    218    273    377    246    367    10    77    173    246    472    145    599    520    162    377    80    194    203    89    347    0    81    113    458    108    585    502    351    61    111    367    438    407    549    25    236    535    301    498    465    578    497    486    477    272    401    497    425    36    72    543    552    8    68    118    16    533    216    261    136    192    326    511    47    584    422    310    387    88    78    132    200    296    394    565    480    468    478    590    494    165    417    551    117    436    9    341    265    11    470    99    221    498    419    12    171    19    134    32    259    291    465    9    43    285 

265    223    236    315    120    260    201    435    476    166    399    200    164    302    192    74    531    317    475    119    272    267    131    256    155    81    0    473    73    444    380    148    385    365    332    88    224    241    270    494    238    171    351    37    556    322    155    18    139    591    99    565    589    547    241    424    411    46    91    40    596    490    356    6    159    310    339    319    574    494    61    63    399    336    598    253    231    113    199    584    405    14    404    447    329    23    54    453    143    477    8    235    508    164    8    288    588    364    556    164    21    209    301    10    51    515    549    523    153    488

339    166    249    593    158    106    527    391    349    209    186    537    511    310    308    303    50    355    381    15    333    93    582    181    314    113    473    0    185    455    73    588    139    495    48    347    286    278    25    541    518    214    4    384    564    462    227    436    132    497    273    287    483    210    303    89    168    139    277    513    525    198    97    326    146    578    550    59    318    71    340    138    107    380    328    289    213    293    145    137    79    75    534    434    299    84    599    149    267    553    558    290    168    550    74    248    262    236    224    395    442    202    333    343    297    107    405    498    431    376 

125    275    304    382    470    267    472    465    158    260    519    83    464    367    203    336    450    323    82    117    529    425    441    52    319    458    73    185    0    457    360    17    14    65    456    151    210    382    204    25    313    34    182    501    237    367    293    578    153    160    271    237    493    360    24    389    277    261    193    69    475    577    28    293    86    413    172    453    146    17    241    216    526    284    264    465    261    181    522    52    300    44    467    275    139    520    322    3    591    438    569    179    395    442    554    57    478    110    425    361    432    148    161    18    302    449    102    407    181    296 

351    484    12    413    188    390    137    206    365    170    560    561    50    420    515    27    546    381    498    246    4    84    304    135    252    108    444    455    457    0    370    511    67    319    59    241    568    578    385    135    388    531    197    302    347    459    45    392    339    128    37    422    198    546    183    325    563    539    435    131    54    283    193    518    416    237    355    522    145    546    304    61    521    464    547    169    47    182    498    573    169    455    91    112    274    376    360    595    281    296    147    122    270    259    333    391    127    75    231    298    489    195    420    305    203    49    54    408    227    408  

360    322    225    69    249    559    236    326    11    242    215    240    215    14    201    307    221    4    151    257    28    86    134    537    361    585    380    73    360    370    0    477    342    4    191    70    52    231    98    72    9    510    194    338    351    264    12    391    396    70    595    524    430    52    554    352    319    156    178    258    384    556    204    113    565    143    245    316    597    289    507    122    404    596    191    243    342    488    497    198    242    351    514    460    129    511    531    569    402    40    48    595    188    181    344    330    551    319    507    592    167    557    184    18    14    176    370    444    436    339 

599    63    535    582    157    338    562    52    106    560    481    241    145    472    411    462    314    123    575    346    294    87    146    326    114    502    148    588    17    511    477    0    79    92    518    208    461    316    272    453    337    434    56    29    525    349    145    186    501    502    288    273    335    422    439    222    157    150    404    342    592    320    69    244    154    181    474    515    511    496    102    498    433    32    363    149    239    100    34    560    266    590    76    502    108    337    328    557    55    498    322    427    355    27    183    405    62    187    596    204    445    496    98    367    23    449    245    1    508    91 

35    67    413    166    244    555    94    216    151    244    595    225    391    491    475    7    318    291    23    166    210    440    37    83    58    351    385    139    14    67    342    79    0    338    393    200    207    477    30    591    7    208    189    43    51    311    288    137    333    384    261    490    29    489    264    373    425    330    182    578    244    497    327    217    385    204    527    576    205    80    73    283    535    208    360    326    13    498    324    150    420    108    77    342    483    212    536    30    565    413    547    149    345    340    29    551    560    10    535    217    250    501    18    449    77    87    100    339    243    447 

413    474    409    509    497    369    323    484    414    35    307    355    449    398    207    456    344    166    275    346    74    239    478    350    596    61    365    495    65    319    4    92    338    0    234    358    350    446    203    574    371    258    262    386    353    367    113    309    92    84    296    498    2    513    238    568    442    374    259    117    156    422    354    359    512    74    350    453    199    410    497    349    464    119    520    255    152    356    13    325    249    339    450    510    389    172    496    144    488    55    338    131    424    178    217    53    562    423    100    120    393    493    523    79    565    431    553    271    414    169 

327    444    278    443    413    30    459    479    228    92    103    175    590    43    106    455    61    598    304    579    560    301    542    154    192    111    332    48    456    59    191    518    393    234    0    419    275    100    366    49    255    541    471    576    246    114    446    530    479    118    304    187    386    43    201    488    321    379    258    526    401    328    77    356    280    528    121    263    568    281    337    416    489    525    550    299    309    362    469    143    445    297    172    461    593    456    309    191    261    518    405    414    471    131    238    232    564    202    504    340    418    300    191    307    120    345    502    301    42    37  

343    567    462    401    595    383    553    470    169    455    321    486    280    202    182    32    401    346    131    43    350    128    44    398    554    367    88    347    151    241    70    208    200    358    419    0    169    205    65    253    80    442    191    293    215    427    64    72    274    351    36    51    358    166    577    246    371    471    293    32    142    198    41    350    82    225    241    31    22    432    415    455    426    360    24    510    587    514    574    341    318    308    125    300    561    531    441    355    237    579    324    3    248    86    518    359    254    293    252    493    592    485    587    571    5    336    255    455    172    263 

415    70    233    559    40    75    342    425    50    30    215    90    126    178    95    152    314    130    112    364    244    317    92    168    464    438    224    286    210    568    52    461    207    350    275    169    0    372    400    156    298    165    434    475    92    570    58    298    549    476    199    586    29    36    369    271    130    122    585    362    391    410    259    229    201    504    588    488    182    316    509    504    532    320    449    263    244    375    33    599    233    120    361    119    521    255    535    192    199    165    519    433    265    102    118    223    189    528    145    281    19    259    329    543    135    364    397    114    527    491

31    421    390    309    421    348    28    37    281    223    74    372    32    43    355    538    215    327    192    339    300    389    160    415    312    407    241    278    382    578    231    316    477    446    100    205    372    0    508    558    99    13    318    133    509    68    557    309    166    489    557    401    9    524    421    478    313    435    290    227    403    326    47    44    479    451    378    136    225    84    485    269    374    118    32    118    413    573    520    51    187    243    62    230    475    504    230    102    208    348    434    404    32    111    19    147    264    545    460    549    30    189    491    344    479    456    364    255    133    352 

598    460    530    351    589    298    494    349    329    576    340    195    569    64    39    43    409    228    206    7    218    476    347    180    355    549    270    25    204    385    98    272    30    203    366    65    400    508    0    219    324    523    511    374    76    385    471    437    163    31    63    519    478    12    402    104    581    195    518    508    50    314    479    569    305    238    518    212    577    103    51    254    274    232    496    246    232    267    180    130    218    241    163    127    190    511    479    552    523    492    566    346    74    375    463    182    337    109    73    192    181    296    323    317    492    11    138    561    269    393 

499    164    501    317    432    571    583    442    99    556    444    51    344    362    164    245    477    100    147    482    267    273    154    128    371    25    494    541    25    135    72    453    591    574    49    253    156    558    219    0    458    470    428    158    555    225    238    597    567    310    61    57    86    67    88    568    255    402    371    360    3    24    414    253    351    299    308    67    142    201    203    518    288    371    26    465    436    128    556    595    197    518    528    341    75    451    594    448    225    306    362    572    511    185    311    84    220    374    463    221    193    306    102    84    388    94    288    239    112    258 

281    155    509    492    393    360    323    327    228    377    164    69    136    163    28    120    180    406    466    318    399    22    515    394    291    236    238    518    313    388    9    337    7    371    255    80    298    99    324    458    0    556    380    598    540    432    261    570    350    235    109    484    488    187    589    320    300    492    31    109    137    361    204    119    359    378    209    146    34    386    131    300    169    19    331    204    357    352    293    133    71    111    314    113    562    82    22    68    504    121    268    511    305    213    477    292    573    371    367    197    115    211    530    572    154    388    54    262    372    173 

80    404    235    375    155    312    173    560    390    24    246    108    9    386    432    162    299    183    412    389    279    74    185    361    456    535    171    214    34    531    510    434    208    258    541    442    165    13    523    470    556    0    160    1    227    115    323    438    180    530    579    213    120    386    157    549    144    40    555    492    169    357    260    209    301    367    367    283    105    442    327    141    14    371    522    418    382    1    492    447    552    40    386    201    231    427    424    395    4    549    555    187    492    29    90    74    381    68    159    519    562    547    548    480    453    454    409    572    468    431 

523    31    247    506    383    266    213    142    581    474    351    106    567    260    206    165    292    198    271    511    430    275    441    471    149    301    351    4    182    197    194    56    189    262    471    191    434    318    511    428    380    160    0    489    231    500    128    516    474    194    385    72    30    73    258    40    485    85    61    103    446    478    116    437    195    280    402    336    208    407    529    262    138    592    591    551    2    483    221    31    509    389    143    473    153    529    153    335    174    86    283    189    182    316    531    134    506    80    36    167    59    567    272    7    330    16    95    360    108    65 

564    414    439    115    293    167    123    454    100    198    562    271    562    557    296    473    298    597    546    178    5    545    296    290    565    498    37    384    501    302    338    29    43    386    576    293    475    133    374    158    598    1    489    0    436    119    238    403    104    6    249    498    318    252    513    492    226    554    200    44    591    454    474    70    299    356    28    450    113    496    174    374    562    97    187    571    457    583    553    458    434    357    329    335    46    265    348    547    374    505    31    528    106    128    61    334    357    149    144    91    478    532    20    166    365    22    264    76    207    252 

217    88    182    179    367    33    485    461    259    135    302    60    140    295    272    563    207    135    462    50    235    158    233    110    224    465    556    564    237    347    351    525    51    353    246    215    92    509    76    555    540    227    231    436    0    290    516    473    529    205    397    109    173    321    39    540    389    368    126    288    280    376    211    220    493    346    406    443    8    126    446    66    531    585    168    19    529    444    486    479    94    226    166    327    42    478    180    198    316    246    234    326    571    128    235    382    152    383    575    470    63    210    216    279    149    305    164    129    203    29

450    281    58    129    192    522    576    60    177    579    89    179    11    363    225    191    390    569    388    139    220    583    316    264    228    578    322    462    367    459    264    349    311    367    114    427    570    68    385    225    432    115    500    119    290    0    155    369    136    387    112    471    581    589    485    586    425    85    583    520    581    455    112    38    538    514    179    65    446    490    386    550    422    453    195    148    309    399    73    36    267    125    135    298    513    243    455    67    384    34    200    218    361    538    463    313    567    511    380    592    448    443    325    477    275    400    129    281    460    168 

355    236    445    47    515    528    426    142    151    564    527    498    445    11    352    159    524    363    92    395    240    87    598    428    516    497    155    227    293    45    12    145    288    113    446    64    58    557    471    238    261    323    128    238    516    155    0    194    483    123    515    309    451    530    44    374    325    333    177    340    159    283    357    251    137    315    299    17    216    314    337    88    399    369    151    186    387    403    450    555    386    308    410    520    279    277    276    437    92    163    468    492    572    185    43    18    3    330    25    435    173    536    352    382    120    138    508    283    192    271

465    318    490    383    422    86    195    190    361    583    68    350    207    189    16    92    211    25    107    513    448    219    295    294    5    486    18    436    578    392    391    186    137    309    530    72    298    309    437    597    570    438    516    403    473    369    194    0    554    40    477    554    588    27    2    382    287    594    76    392    369    406    285    204    386    270    340    328    262    152    451    149    308    194    397    563    598    407    522    492    277    69    480    473    192    434    471    560    73    55    225    167    228    237    277    402    109    68    455    81    501    491    277    77    432    289    72    217    6    282 

543    62    350    570    130    399    296    44    35    187    222    298    229    166    201    168    44    597    432    481    335    64    370    346    325    477    139    132    153    339    396    501    333    92    479    274    549    166    163    567    350    180    474    104    529    136    483    554    0    565    349    253    53    167    549    111    442    227    368    389    25    432    572    24    581    305    295    575    200    112    273    282    440    224    181    362    335    575    430    291    168    438    262    335    357    103    338    72    142    474    185    265    348    524    307    9    451    68    247    110    429    411    476    2    260    576    441    84    416    349 

266    314    138    80    382    505    81    250    557    333    463    196    285    410    497    472    381    445    89    320    580    59    216    421    161    272    591    497    160    128    70    502    384    84    118    351    476    489    31    310    235    530    194    6    205    387    123    40    565    0    54    142    225    148    446    273    571    388    20    202    127    232    591    283    201    472    364    202    339    340    476    73    556    382    112    34    296    4    508    127    310    353    85    15    194    259    520    109    87    103    297    147    336    232    109    380    59    31    492    70    194    117    102    590    32    331    105    294    477    122 

215    406    511    596    102    577    145    126    345    81    135    563    80    483    127    464    453    276    143    393    365    175    385    167    94    401    99    273    271    37    595    288    261    296    304    36    199    557    63    61    109    579    385    249    397    112    515    477    349    54    0    404    297    230    359    123    135    460    6    80    196    599    423    426    419    86    190    221    241    54    420    334    428    453    172    248    169    553    192    128    524    234    192    425    98    1    148    573    323    300    10    26    596    559    113    180    192    208    286    468    142    254    587    573    214    327    173    358    110    357 

519    334    53    230    203    73    410    122    476    124    135    565    342    311    397    418    494    267    449    582    259    362    272    116    421    497    565    287    237    422    524    273    490    498    187    51    586    401    519    57    484    213    72    498    109    471    309    554    253    142    404    0    367    441    545    373    42    104    318    124    582    6    142    341    330    97    431    43    47    570    470    344    227    366    137    88    537    205    546    565    501    28    368    423    517    505    64    303    411    163    352    577    264    11    308    164    83    66    426    488    182    97    223    450    57    343    253    374    392    59 

560    507    297    406    209    350    286    391    424    258    451    521    593    399    166    249    80    380    417    460    96    286    121    329    4    425    589    483    493    198    430    335    29    2    386    358    29    9    478    86    488    120    30    318    173    581    451    588    53    225    297    367    0    436    258    199    150    380    59    14    251    325    439    40    31    486    510    469    471    570    541    272    210    352    336    90    92    121    4    485    419    581    254    165    362    294    459    304    510    285    103    348    573    487    548    143    226    118    323    206    546    4    166    523    407    137    23    407    16    115 

107    315    490    319    113    408    96    307    193    486    253    598    408    8    355    515    221    88    366    579    392    564    580    48    353    36    547    210    360    546    52    422    489    513    43    166    36    524    12    67    187    386    73    252    321    589    530    27    167    148    230    441    436    0    422    230    291    508    127    550    444    460    358    234    90    490    343    538    260    476    113    529    485    5    581    226    132    96    354    329    54    210    463    102    130    598    532    588    41    506    77    143    329    366    443    524    260    357    393    378    545    299    32    374    423    503    527    318    57    387 

83    312    300    237    325    422    64    468    289    172    281    39    510    453    244    589    414    519    454    401    216    350    70    215    558    72    241    303    24    183    554    439    264    238    201    577    369    421    402    88    589    157    258    513    39    485    44    2    549    446    359    545    258    422    0    587    91    395    430    55    473    288    82    280    66    141    401    88    230    413    458    237    239    441    82    228    113    347    518    495    111    416    469    537    520    433    66    34    9    76    366    124    204    324    292    176    501    33    374    421    237    148    326    94    112    596    542    407    114    126  

9    37    290    130    2    343    61    76    178    457    26    380    140    288    563    226    492    134    246    420    339    400    510    325    157    543    424    89    389    325    352    222    373    568    488    246    271    478    104    568    320    549    40    492    540    586    374    382    111    273    123    373    199    230    587    0    585    364    598    461    562    366    342    174    210    235    246    318    280    281    507    434    144    22    234    411    238    423    98    540    155    99    139    521    190    51    456    454    519    169    552    521    476    514    299    269    198    162    512    587    534    290    27    463    449    176    458    109    355    323 

181    310    498    369    302    320    502    376    581    403    547    47    519    132    480    222    584    506    330    431    166    309    138    60    467    552    411    168    277    563    319    157    425    442    321    371    130    313    581    255    300    144    485    226    389    425    325    287    442    571    135    42    150    291    91    585    0    505    439    567    260    140    228    167    266    238    596    596    265    319    526    562    444    153    387    242    177    209    78    564    470    223    60    488    76    285    210    532    92    490    350    202    158    105    542    52    473    355    61    583    5    445    228    433    83    303    69    569    350    371 

21    51    482    390    409    348    571    416    519    29    146    121    328    592    341    454    153    221    570    440    274    243    508    409    401    8    46    139    261    539    156    150    330    374    379    471    122    435    195    402    492    40    85    554    368    85    333    594    227    388    460    104    380    508    395    364    505    0    250    474    507    86    532    243    339    334    392    46    225    536    427    123    591    101    159    488    11    288    53    455    303    415    98    108    478    3    439    233    330    253    528    97    467    247    454    477    290    101    15    574    339    46    83    248    377    75    466    374    387    386 

474    498    253    511    123    376    541    426    299    456    226    425    55    11    350    191    80    464    136    220    40    305    582    107    267    68    91    277    193    435    178    404    182    259    258    293    585    290    518    371    31    555    61    200    126    583    177    76    368    20    6    318    59    127    430    598    439    250    0    225    536    460    319    476    278    433    272    85    16    195    547    506    164    388    263    277    586    102    284    517    279    511    64    201    68    593    86    77    75    485    229    213    214    552    386    326    188    158    563    364    176    331    170    6    359    433    218    310    134    43 

455    269    571    568    333    496    155    352    60    401    190    471    31    277    408    52    211    523    292    301    532    254    445    586    295    118    40    513    69    131    258    342    578    117    526    32    362    227    508    360    109    492    103    44    288    520    340    392    389    202    80    124    14    550    55    461    567    474    225    0    464    356    310    47    193    90    317    58    84    571    42    286    212    404    277    351    53    532    224    539    536    336    542    7    28    367    415    118    11    236    325    308    502    2    326    201    278    98    102    218    96    63    224    585    28    51    64    484    571    130 

285    474    96    423    462    523    495    582    424    339    239    184    593    356    180    421    432    225    43    217    59    207    557    465    180    16    596    525    475    54    384    592    244    156    401    142    391    403    50    3    137    169    446    591    280    581    159    369    25    127    196    582    251    444    473    562    260    507    536    464    0    249    259    586    556    94    523    463    81    295    480    215    172    42    231    585    346    515    505    27    524    130    595    247    239    256    418    177    245    565    76    176    268    104    434    398    525    348    50    134    343    204    9    473    250    59    438    61    127    82 

146    49    206    558    461    235    441    137    41    427    16    51    343    115    486    178    545    54    115    491    52    566    336    583    564    533    490    198    577    283    556    320    497    422    328    198    410    326    314    24    361    357    478    454    376    455    283    406    432    232    599    6    325    460    288    366    140    86    460    356    249    0    321    419    572    591    18    235    150    398    230    230    511    567    371    264    47    587    221    576    86    4    570    165    599    49    15    150    65    339    566    566    527    382    87    139    591    503    419    258    400    87    159    456    492    449    533    7    413    246

93    298    214    550    149    408    473    526    264    492    119    415    337    73    272    89    391    433    532    593    342    454    51    18    302    216    356    97    28    193    204    69    327    354    77    41    259    47    479    414    204    260    116    474    211    112    357    285    572    591    423    142    439    358    82    342    228    532    319    310    259    321    0    255    371    340    554    533    120    76    450    46    226    269    525    186    137    261    556    398    183    216    543    369    374    176    6    371    507    345    152    382    33    379    476    132    4    42    90    576    99    378    60    313    553    35    126    568    16    556 

174    322    200    393    556    390    554    549    257    67    106    215    39    347    178    92    82    296    427    74    126    582    194    43    528    261    6    326    293    518    113    244    217    359    356    350    229    44    569    253    119    209    437    70    220    38    251    204    24    283    426    341    40    234    280    174    167    243    476    47    586    419    255    0    127    42    370    92    139    273    13    284    447    390    226    305    353    313    507    5    409    17    527    581    327    398    131    293    546    268    134    287    82    50    297    386    452    344    449    407    584    400    42    367    255    538    498    41    446    187 

106    533    488    302    183    185    93    254    498    281    372    487    401    594    184    272    460    279    585    109    524    92    358    282    280    136    159    146    86    416    565    154    385    512    280    82    201    479    305    351    359    301    195    299    493    538    137    386    581    201    419    330    31    90    66    210    266    339    278    193    556    572    371    127    0    552    320    34    449    375    440    319    565    98    305    177    595    198    132    118    573    62    354    262    523    119    436    160    535    114    125    66    133    591    468    420    16    43    470    18    112    433    536    156    599    542    314    196    218    564 

293    468    396    568    552    151    177    501    503    549    359    361    518    577    510    335    368    75    544    127    187    550    301    408    484    192    310    578    413    237    143    181    204    74    528    225    504    451    238    299    378    367    280    356    346    514    315    270    305    472    86    97    486    490    141    235    238    334    433    90    94    591    340    42    552    0    54    292    253    453    464    425    199    466    576    255    117    271    82    107    178    524    95    591    468    283    332    125    58    360    32    92    369    250    68    440    534    317    26    177    398    89    48    114    337    267    310    323    372    294 

274    22    506    347    419    253    279    30    504    298    325    337    569    540    583    585    185    401    233    115    333    287    145    39    149    326    339    550    172    355    245    474    527    350    121    241    588    378    518    308    209    367    402    28    406    179    299    340    295    364    190    431    510    343    401    246    596    392    272    317    523    18    554    370    320    54    0    594    374    414    534    285    283    163    353    415    456    204    186    341    153    351    434    187    71    42    381    428    536    163    119    446    548    491    161    283    431    218    596    409    495    516    17    107    204    48    386    433    103    273  

364    257    535    292    535    273    143    88    485    513    184    283    378    249    224    267    233    209    248    382    528    260    201    179    139    511    319    59    453    522    316    515    576    453    263    31    488    136    212    67    146    283    336    450    443    65    17    328    575    202    221    43    469    538    88    318    596    46    85    58    463    235    533    92    34    292    594    0    136    555    80    237    586    275    448    467    567    575    479    417    425    165    235    108    558    58    71    393    460    563    67    408    416    181    85    240    331    311    428    5    65    541    357    86    71    208    436    459    480    408

537    99    384    591    98    286    318    523    494    243    14    381    512    210    519    132    46    10    414    448    586    549    65    308    411    47    574    318    146    145    597    511    205    199    568    22    182    225    577    142    34    105    208    113    8    446    216    262    200    339    241    47    471    260    230    280    265    225    16    84    81    150    120    139    449    253    374    136    0    113    580    493    595    228    253    111    560    86    254    234    484    110    318    248    334    164    431    430    558    93    68    255    295    460    47    251    558    530    464    596    450    433    472    453    243    355    260    352    32    529 

551    444    476    373    91    422    8    176    491    384    255    83    193    205    317    330    378    477    272    285    591    329    131    327    96    584    494    71    17    546    289    496    80    410    281    432    316    84    103    201    386    442    407    496    126    490    314    152    112    340    54    570    570    476    413    281    319    536    195    571    295    398    76    273    375    453    414    555    113    0    468    98    528    459    586    148    298    468    288    433    120    582    395    439    502    105    388    44    193    219    541    63    66    189    41    335    377    402    203    260    511    333    264    572    246    537    434    502    448    361  

585    302    511    453    425    494    176    341    272    197    7    165    525    119    358    48    52    211    23    99    538    50    7    272    1    422    61    340    241    304    507    102    73    497    337    415    509    485    51    203    131    327    529    174    446    386    337    451    273    476    420    470    541    113    458    507    526    427    547    42    480    230    450    13    440    464    534    80    580    468    0    79    571    202    5    549    30    112    241    469    421    541    519    140    339    263    354    30    41    343    545    528    304    188    263    481    442    315    494    219    30    373    412    324    258    141    318    460    514    164 

286    322    509    501    11    285    461    255    146    162    408    593    338    560    250    500    139    222    62    43    91    275    517    137    159    310    63    138    216    61    122    498    283    349    416    455    504    269    254    518    300    141    262    374    66    550    88    149    282    73    334    344    272    529    237    434    562    123    506    286    215    230    46    284    319    425    285    237    493    98    79    0    466    474    518    507    553    591    306    213    320    279    320    134    343    23    424    419    98    471    151    263    254    598    445    104    326    524    496    572    187    377    158    139    362    287    168    194    599    126 

275    123    84    349    439    407    434    284    52    587    375    229    498    4    579    241    326    370    145    183    154    224    234    66    396    387    399    107    526    521    404    433    535    464    489    426    532    374    274    288    169    14    138    562    531    422    399    308    440    556    428    227    210    485    239    144    444    591    164    212    172    511    226    447    565    199    283    586    595    528    571    466    0    3    313    47    564    440    250    147    318    330    158    584    344    311    190    308    189    104    499    555    412    179    362    583    23    480    479    158    329    264    509    461    235    73    192    18    282    414 

463    88    103    568    279    487    489    283    14    81    551    185    541    427    203    596    288    248    316    152    218    338    347    499    417    88    336    380    284    464    596    32    208    119    525    360    320    118    232    371    19    371    592    97    585    453    369    194    224    382    453    366    352    5    441    22    153    101    388    404    42    567    269    390    98    466    163    275    228    459    202    474    3    0    431    208    577    203    593    412    111    471    403    476    541    82    491    294    142    413    476    158    355    465    390    58    570    272    41    448    586    184    446    39    214    214    242    450    236    535 

114    206    3    98    340    391    126    166    95    549    328    298    557    436    145    264    260    109    388    437    347    214    301    329    544    78    598    328    264    547    191    363    360    520    550    24    449    32    496    26    331    522    591    187    168    195    151    397    181    112    172    137    336    581    82    234    387    159    263    277    231    371    525    226    305    576    353    448    253    586    5    518    313    431    0    88    137    88    9    82    90    97    528    36    85    272    188    77    85    297    328    578    345    360    541    561    99    9    421    591    240    419    148    214    342    194    361    223    76    367 

176    108    256    318    598    83    327    507    589    287    598    190    236    579    453    340    337    185    59    460    413    20    160    490    369    132    253    289    465    169    243    149    326    255    299    510    263    118    246    465    204    418    551    571    19    148    186    563    362    34    248    88    90    226    228    411    242    488    277    351    585    264    186    305    177    255    415    467    111    148    549    507    47    208    88    0    18    168    322    231    437    346    154    261    163    249    38    380    182    152    57    310    532    73    170    138    156    271    474    93    564    568    207    71    309    249    193    361    543    344  

329    395    489    553    536    557    37    520    427    218    245    429    413    9    318    434    536    319    215    460    130    137    171    134    76    200    231    213    261    47    342    239    13    152    309    587    244    413    232    436    357    382    2    457    529    309    387    598    335    296    169    537    92    132    113    238    177    11    586    53    346    47    137    353    595    117    456    567    560    298    30    553    564    577    137    18    0    433    480    102    440    82    401    238    485    71    65    394    493    516    383    143    166    497    89    520    25    49    448    251    411    329    305    560    28    443    352    42    182    50

117    277    120    440    317    147    174    140    243    148    31    446    416    560    455    444    210    331    406    445    28    244    106    340    87    296    113    293    181    182    488    100    498    356    362    514    375    573    267    128    352    1    483    583    444    399    403    407    575    4    553    205    121    96    347    423    209    288    102    532    515    587    261    313    198    271    204    575    86    468    112    591    440    203    88    168    433    0    3    590    188    208    184    552    244    100    332    77    251    31    402    116    243    61    564    301    227    360    488    515    371    176    410    374    315    72    290    336    263    234  

178    369    498    203    64    96    595    460    219    17    80    454    467    183    451    465    562    193    331    521    345    196    447    538    408    394    199    145    522    498    497    34    324    13    469    574    33    520    180    556    293    492    221    553    486    73    450    522    430    508    192    546    4    354    518    98    78    53    284    224    505    221    556    507    132    82    186    479    254    288    241    306    250    593    9    322    480    3    0    498    186    97    306    175    7    523    399    321    350    390    158    96    413    333    129    525    136    279    173    426    329    205    585    599    42    337    506    586    446    334 

200    244    223    251    175    161    192    486    596    155    450    109    144    241    598    347    412    282    418    553    323    176    503    81    84    565    584    137    52    573    198    560    150    325    143    341    599    51    130    595    133    447    31    458    479    36    555    492    291    127    128    565    485    329    495    540    564    455    517    539    27    576    398    5    118    107    341    417    234    433    469    213    147    412    82    231    102    590    498    0    99    322    317    562    202    488    54    397    566    219    439    108    308    382    143    271    209    80    229    579    434    288    522    228    231    347    393    131    294    548 

332    383    52    31    398    16    75    464    209    184    234    109    215    362    421    115    406    433    442    484    165    291    190    108    408    480    405    79    300    169    242    266    420    249    445    318    233    187    218    197    71    552    509    434    94    267    386    277    168    310    524    501    419    54    111    155    470    303    279    536    524    86    183    409    573    178    153    425    484    120    421    320    318    111    90    437    440    188    186    99    0    134    200    51    486    44    20    317    169    385    422    476    286    52    224    103    585    263    485    514    330    263    289    188    64    48    45    214    27    438 

52    151    104    90    4    302    461    590    161    178    390    391    221    390    91    549    143    45    453    472    500    470    473    424    153    468    14    75    44    455    351    590    108    339    297    308    120    243    241    518    111    40    389    357    226    125    308    69    438    353    234    28    581    210    416    99    223    415    511    336    130    4    216    17    62    524    351    165    110    582    541    279    330    471    97    346    82    208    97    322    134    0    493    56    164    542    8    53    251    531    332    95    21    428    307    22    520    338    478    57    124    408    340    255    391    43    279    39    437    385  

253    321    13    258    429    385    429    172    571    279    483    197    488    334    260    55    416    169    55    513    312    15    288    529    89    478    404    534    467    91    514    76    77    450    172    125    361    62    163    528    314    386    143    329    166    135    410    480    262    85    192    368    254    463    469    139    60    98    64    542    595    570    543    527    354    95    434    235    318    395    519    320    158    403    528    154    401    184    306    317    200    493    0    435    115    131    309    267    75    142    408    595    22    301    437    292    155    544    227    359    534    179    13    529    495    211    413    271    132    531

463    209    121    276    127    366    247    292    107    171    516    417    160    189    160    375    182    65    565    409    185    239    212    288    292    590    447    434    275    112    460    502    342    510    461    300    119    230    127    341    113    201    473    335    327    298    520    473    335    15    425    423    165    102    537    521    488    108    201    7    247    165    369    581    262    591    187    108    248    439    140    134    584    476    36    261    238    552    175    562    51    56    435    0    132    527    246    259    151    530    281    270    228    330    44    127    314    459    409    278    225    543    118    594    431    290    84    592    327    268 

466    109    574    137    167    360    6    513    342    37    429    289    87    329    282    546    350    599    454    41    144    163    203    75    156    494    329    299    139    274    129    108    483    389    593    561    521    475    190    75    562    231    153    46    42    513    279    192    357    194    98    517    362    130    520    190    76    478    68    28    239    599    374    327    523    468    71    558    334    502    339    343    344    541    85    163    485    244    7    202    486    164    115    132    0    450    268    155    13    65    119    582    126    326    592    471    220    505    292    315    159    177    479    223    538    495    275    535    189    395 

154    343    206    483    405    281    295    68    341    368    569    85    371    579    132    2    212    182    542    42    406    424    59    276    26    165    23    84    520    376    511    337    212    172    456    531    255    504    511    451    82    427    529    265    478    243    277    434    103    259    1    505    294    598    433    51    285    3    593    367    256    49    176    398    119    283    42    58    164    105    263    23    311    82    272    249    71    100    523    488    44    542    131    527    450    0    453    342    454    366    415    410    550    453    343    355    207    470    415    304    483    475    542    237    536    360    28    349    64    490 

37    91    49    80    251    122    504    513    480    202    101    151    365    181    218    596    96    435    45    50    134    186    155    573    126    417    54    599    322    360    531    328    536    496    309    441    535    230    479    594    22    424    153    348    180    455    276    471    338    520    148    64    459    532    66    456    210    439    86    415    418    15    6    131    436    332    381    71    431    388    354    424    190    491    188    38    65    332    399    54    20    8    309    246    268    453    0    498    569    509    206    360    210    418    436    136    328    156    310    343    95    423    456    516    283    117    134    505    241    353  

13    183    314    44    230    182    521    447    78    413    186    302    551    182    25    519    29    63    50    554    259    546    190    104    267    551    453    149    3    595    569    557    30    144    191    355    192    102    552    448    68    395    335    547    198    67    437    560    72    109    573    303    304    588    34    454    532    233    77    118    177    150    371    293    160    125    428    393    430    44    30    419    308    294    77    380    394    77    321    397    317    53    267    259    155    342    498    0    580    263    361    370    166    550    107    595    157    193    429    231    195    208    22    378    59    383    482    506    248    500  

557    20    247    159    106    183    135    388    165    334    597    20    212    327    500    228    119    79    177    343    52    340    171    521    542    117    143    267    591    281    402    55    565    488    261    237    199    208    523    225    504    4    174    374    316    384    92    73    142    87    323    411    510    41    9    519    92    330    75    11    245    65    507    546    535    58    536    460    558    193    41    98    189    142    85    182    493    251    350    566    169    251    75    151    13    454    569    580    0    355    52    456    558    448    451    324    312    244    524    95    597    326    221    32    510    481    227    190    423    343  

445    410    114    210    414    157    74    319    200    586    521    429    577    293    48    437    159    167    8    399    483    35    275    190    414    436    477    553    438    296    40    498    413    55    518    579    165    348    492    306    121    549    86    505    246    34    163    55    474    103    300    163    285    506    76    169    490    253    485    236    565    339    345    268    114    360    163    563    93    219    343    471    104    413    297    152    516    31    390    219    385    531    142    530    65    366    509    263    355    0    139    72    111    279    8    134    590    135    379    327    513    352    345    143    432    149    558    85    273    391 

96    472    209    87    314    350    481    425    322    177    226    244    403    127    114    366    141    52    73    369    387    29    570    393    32    9    8    558    569    147    48    322    547    338    405    324    519    434    566    362    268    555    283    31    234    200    468    225    185    297    10    352    103    77    366    552    350    528    229    325    76    566    152    134    125    32    119    67    68    541    545    151    499    476    328    57    383    402    158    439    422    332    408    281    119    415    206    361    52    139    0    559    575    446    521    381    498    41    242    325    266    135    516    429    545    546    584    337    536    65 

400    183    4    495    236    550    262    530    139    597    408    289    304    272    390    237    133    273    2    12    564    26    349    125    267    341    235    290    179    122    595    427    149    131    414    3    433    404    346    572    511    187    189    528    326    218    492    167    265    147    26    577    348    143    124    521    202    97    213    308    176    566    382    287    66    92    446    408    255    63    528    263    555    158    578    310    143    116    96    108    476    95    595    270    582    410    360    370    456    72    559    0    44    355    488    323    291    201    403    104    175    17    300    224    405    511    40    28    204    511 

101    179    163    399    249    443    207    36    160    159    286    131    235    316    45    165    237    323    124    237    445    253    288    82    589    265    508    168    395    270    188    355    345    424    471    248    265    32    74    511    305    492    182    106    571    361    572    228    348    336    596    264    573    329    204    476    158    467    214    502    268    527    33    82    133    369    548    416    295    66    304    254    412    355    345    532    166    243    413    308    286    21    22    228    126    550    210    166    558    111    575    44    0    423    234    188    477    395    63    95    385    564    493    87    305    237    332    292    135    479  

419    49    42    172    290    205    61    400    17    94    504    345    529    140    176    287    382    391    135    483    77    311    226    327    451    11    164    550    442    259    181    27    340    178    131    86    102    111    375    185    213    29    316    128    128    538    185    237    524    232    559    11    487    366    324    514    105    247    552    2    104    382    379    50    591    250    491    181    460    189    188    598    179    465    360    73    497    61    333    382    52    428    301    330    326    453    418    550    448    279    446    355    423    0    493    72    498    375    281    153    200    286    96    417    88    486    501    582    13    596 

280    549    216    345    340    520    507    376    384    72    114    430    490    454    355    348    481    129    65    123    428    483    294    113    534    470    8    74    554    333    344    183    29    217    238    518    118    19    463    311    477    90    531    61    235    463    43    277    307    109    113    308    548    443    292    299    542    454    386    326    434    87    476    297    468    68    161    85    47    41    263    445    362    390    541    170    89    564    129    143    224    307    437    44    592    343    436    107    451    8    521    488    234    493    0    318    89    255    559    274    397    68    467    59    438    228    425    179    564    82 

265    111    338    128    445    245    334    55    558    369    459    423    144    102    79    141    329    249    548    467    75    299    88    205    90    99    288    248    57    391    330    405    551    53    232    359    223    147    182    84    292    74    134    334    382    313    18    402    9    380    180    164    143    524    176    269    52    477    326    201    398    139    132    386    420    440    283    240    251    335    481    104    583    58    561    138    520    301    525    271    103    22    292    127    471    355    136    595    324    134    381    323    188    72    318    0    23    211    594    566    503    463    383    511    119    173    417    46    381    52 

342    398    421    302    468    471    240    324    172    249    308    371    404    588    456    194    220    205    192    491    224    147    15    308    476    221    588    262    478    127    551    62    560    562    564    254    189    264    337    220    573    381    506    357    152    567    3    109    451    59    192    83    226    260    501    198    473    290    188    278    525    591    4    452    16    534    431    331    558    377    442    326    23    570    99    156    25    227    136    209    585    520    155    314    220    207    328    157    312    590    498    291    477    498    89    23    0    304    550    189    177    438    599    72    356    65    505    466    593    307 

454    250    222    353    354    64    468    326    79    589    511    208    334    220    485    217    505    235    72    477    471    14    278    454    205    498    364    236    110    75    319    187    10    423    202    293    528    545    109    374    371    68    80    149    383    511    330    68    68    31    208    66    118    357    33    162    355    101    158    98    348    503    42    344    43    317    218    311    530    402    315    524    480    272    9    271    49    360    279    80    263    338    544    459    505    470    156    193    244    135    41    201    395    375    255    211    304    0    590    545    283    583    408    349    571    583    354    80    590    86 


107    4    495    12    502    478    416    281    431    565    545    179    470    275    368    10    165    16    277    216    69    204    200    333    68    419    556    224    425    231    507    596    535    100    504    252    145    460    73    463    367    159    36    144    575    380    25    455    247    492    286    426    323    393    374    512    61    15    563    102    50    419    90    449    470    26    596    428    464    203    494    496    479    41    421    474    448    488    173    229    485    478    227    409    292    415    310    429    524    379    242    403    63    281    559    594    550    590    0    259    59    468    223    540    250    229    264    307    421    214  

259    75    352    503    432    8    132    148    444    374    370    19    241    9    470    402    118    83    105    219    391    395    139    303    315    12    164    395    361    298    592    204    217    120    340    493    281    549    192    221    197    519    167    91    470    592    435    81    110    70    468    488    206    378    421    587    583    574    364    218    134    258    576    407    18    177    409    5    596    260    219    572    158    448    591    93    251    515    426    579    514    57    359    278    315    304    343    231    95    327    325    104    95    153    274    566    189    545    259    0    79    368    564    345    360    325    519    346    24    354 

148    570    383    443    367    345    253    594    28    321    540    272    155    463    76    567    192    417    262    218    177    380    491    369    278    171    21    442    432    489    167    445    250    393    418    592    19    30    181    193    115    562    59    478    63    448    173    501    429    194    142    182    546    545    237    534    5    339    176    96    343    400    99    584    112    398    495    65    450    511    30    187    329    586    240    564    411    371    329    434    330    124    534    225    159    483    95    195    597    513    266    175    385    200    397    503    177    283    59    79    0    223    446    313    598    164    135    154    418    564  

90    451    406    332    58    154    217    476    483    460    239    96    467    341    375    394    241    144    463    555    432    301    191    31    186    19    209    202    148    195    557    496    501    493    300    485    259    189    296    306    211    547    567    532    210    443    536    491    411    117    254    97    4    299    148    290    445    46    331    63    204    87    378    400    433    89    516    541    433    333    373    377    264    184    419    568    329    176    205    288    263    408    179    543    177    475    423    208    326    352    135    17    564    286    68    463    438    583    468    368    223    0    202    129    487    581    297    536    424    543 

11    403    255    114    409    194    444    503    158    202    365    558    568    465    248    263    559    309    71    229    254    97    1    359    39    134    301    333    161    420    184    98    18    523    191    587    329    491    323    102    530    548    272    20    216    325    352    277    476    102    587    223    166    32    326    27    228    83    170    224    9    159    60    42    536    48    17    357    472    264    412    158    509    446    148    207    305    410    585    522    289    340    13    118    479    542    456    22    221    345    516    300    493    96    467    383    599    408    223    564    446    202    0    331    362    466    433    497    392    591 

576    271    46    26    356    584    336    196    205    477    537    553    156    370    72    368    20    210    387    6    290    461    252    394    160    32    10    343    18    305    18    367    449    79    307    571    543    344    317    84    572    480    7    166    279    477    382    77    2    590    573    450    523    374    94    463    433    248    6    585    473    456    313    367    156    114    107    86    453    572    324    139    461    39    214    71    560    374    599    228    188    255    529    594    223    237    516    378    32    143    429    224    87    417    59    511    72    349    540    345    313    129    331    0    78    421    229    410    76    395  

74    506    91    468    569    254    378    103    142    101    18    163    324    233    154    16    275    481    557    387    495    114    291    379    495    259    51    297    302    203    14    23    77    565    120    5    135    479    492    388    154    453    330    365    149    275    120    432    260    32    214    57    407    423    112    449    83    377    359    28    250    492    553    255    599    337    204    71    243    246    258    362    235    214    342    309    28    315    42    231    64    391    495    431    538    536    283    59    510    432    545    405    305    88    438    119    356    571    250    360    598    487    362    78    0    354    333    265    377    286

196    382    596    553    146    551    138    273    509    345    234    556    161    176    280    345    324    128    473    333    94    315    437    233    484    291    515    107    449    49    176    449    87    431    345    336    364    456    11    94    388    454    16    22    305    400    138    289    576    331    327    343    137    503    596    176    303    75    433    51    59    449    35    538    542    267    48    208    355    537    141    287    73    214    194    249    443    72    337    347    48    43    211    290    495    360    117    383    481    149    546    511    237    486    228    173    65    583    229    325    164    581    466    421    354    0    7    66    563    358

192    35    476    441    223    376    89    459    462    170    240    233    49    564    28    399    222    233    513    285    31    41    471    480    587    465    549    405    102    54    370    245    100    553    502    255    397    364    138    288    54    409    95    264    164    129    508    72    441    105    173    253    23    527    542    458    69    466    218    64    438    533    126    498    314    310    386    436    260    434    318    168    192    242    361    193    352    290    506    393    45    279    413    84    275    28    134    482    227    558    584    40    332    501    425    417    505    354    264    519    135    297    433    229    333    7    0    521    233    63 

362    503    283    187    168    425    219    37    477    525    499    240    113    592    270    500    498    188    294    337    334    426    148    53    205    9    523    498    407    408    444    1    339    271    301    455    114    255    561    239    262    572    360    76    129    281    283    217    84    294    358    374    407    318    407    109    569    374    310    484    61    7    568    41    196    323    433    459    352    502    460    194    18    450    223    361    42    336    586    131    214    39    271    592    535    349    505    506    190    85    337    28    292    582    179    46    466    80    307    346    154    536    497    410    265    66    521    0    229    79 

363    2    17    472    317    130    450    179    434    27    29    350    407    296    71    566    488    158    4    24    76    287    49    145    5    43    153    431    181    227    436    508    243    414    42    172    527    133    269    112    372    468    108    207    203    460    192    6    416    477    110    392    16    57    114    355    350    387    134    571    127    413    16    446    218    372    103    480    32    448    514    599    282    236    76    543    182    263    446    294    27    437    132    327    189    64    241    248    423    273    536    204    135    13    564    381    593    590    421    24    418    424    392    76    377    563    233    229    0    562 

450    381    588    174    103    563    339    448    322    42    77    536    28    153    23    362    262    167    498    374    239    298    446    48    396    285    488    376    296    408    339    91    447    169    37    263    491    352    393    258    173    431    65    252    29    168    271    282    349    122    357    59    115    387    126    323    371    386    43    130    82    246    556    187    564    294    273    408    529    361    164    126    414    535    367    344    50    234    334    548    438    385    531    268    395    490    353    500    343    391    65    511    479    596    82    52    307    86    214    354    564    543    591    395    286    358    63    79    562    0 




