4 36 64 89 52 49 90 53 38 80 0 61 -1
61 0 80 38 53 90 49 52 89 11 5 77 -1
4 36 64 92 18 15 83 94 27 95 50 -1
50 95 27 94 83 15 18 92 48 107 77 -1
5 11 89 52 49 8 63 55 39 17 20 -1
47 12 8 35 34 3 19 33 99 69 -1
69 99 33 19 3 34 35 8 12 74 -1
28 21 27 94 83 35 49 52 10 57 -1
29 26 44 92 18 93 35 8 62 103 -1
57 10 52 49 35 83 94 27 59 68 -1
16 12 8 35 93 18 92 44 26 29 -1
20 17 39 55 63 8 49 52 89 73 -1
30 26 82 19 85 94 27 17 65 61 -1
78 39 55 45 2 15 18 92 64 79 -1
60 74 38 55 101 27 21 86 71 -1
51 86 21 27 101 55 38 74 60 -1
71 102 19 9 18 100 52 7 84 -1
40 10 52 100 93 3 6 86 46 -1
4 36 64 92 18 15 2 45 55 39 78 -1
13 21 86 24 19 82 44 48 107 77 -1
1 87 38 53 90 49 52 89 64 36 4 -1
0 87 55 101 94 85 19 33 99 69 -1
84 7 52 100 18 9 19 102 88 -1
28 86 6 3 9 92 64 96 42 -1
57 106 73 79 72 44 82 99 76 -1
13 32 17 39 55 63 12 41 104 -1
70 103 62 8 35 15 54 6 86 -1
58 38 45 2 15 3 19 33 76 -1
69 43 72 79 73 106 57 37 104 -1
46 86 6 54 15 35 49 7 104 -1
69 99 33 19 3 15 2 45 80 97 -1
24 22 3 93 100 52 10 40 -1
61 65 17 27 94 6 24 31 76 -1
25 70 103 12 63 55 39 17 50 -1
4 36 72 44 82 33 31 51 46 -1
46 21 27 101 55 63 12 103 70 -1
13 32 27 94 83 15 18 92 64 109 -1
30 43 72 79 11 89 52 7 41 -1
75 17 27 94 83 15 18 92 72 108 -1
42 96 64 92 9 3 6 86 46 -1
31 22 54 15 2 45 38 58 -1
25 7 49 35 83 94 27 21 28 -1
61 0 97 58 74 16 70 84 -1
5 36 72 44 82 19 24 86 28 -1
60 12 62 91 52 89 64 36 107 -1
61 0 87 45 2 15 18 92 48 107 -1
20 95 27 94 85 19 82 26 30 -1
46 51 31 33 82 44 48 107 77 -1
58 80 55 101 27 21 86 51 88 -1
69 99 33 19 85 94 101 55 87 -1
25 70 16 74 58 97 0 61 -1
57 106 11 64 92 9 19 102 71 -1
5 11 89 52 49 35 83 94 27 32 13 -1
77 107 48 44 82 33 31 88 -1
25 7 52 89 11 79 72 43 29 -1
68 59 27 94 83 35 49 52 89 106 -1
