75 60 73 48 0 11 1 118 52 89 17 64 111 -1
10 86 24 5 9 72 49 2 48 73 60 32 20 -1
35 91 88 101 0 79 2 23 53 61 87 110 -1
20 32 60 73 48 2 49 72 9 5 24 86 109 -1
110 87 61 53 23 2 79 0 101 88 91 123 -1
28 17 89 52 118 1 11 0 48 73 60 75 -1
10 86 24 5 29 27 1 11 7 40 50 13 -1
54 51 52 122 29 80 66 14 100 3 107 -1
76 50 40 82 88 39 31 89 42 43 103 -1
21 22 30 39 46 11 2 114 78 3 56 34 -1
34 56 3 78 114 2 11 46 39 30 22 119 -1
15 3 100 14 66 80 29 122 52 51 54 -1
18 104 59 89 31 39 88 82 40 50 83 -1
13 50 40 7 11 1 27 29 5 24 117 -1
18 104 58 63 9 72 49 2 48 126 92 85 -1
62 16 114 74 66 80 63 105 43 64 111 -1
86 10 69 43 42 89 31 30 22 119 -1
111 64 43 105 63 80 66 74 114 16 112 -1
17 42 105 58 5 24 87 84 68 34 -1
84 87 24 5 29 122 52 38 30 22 119 -1
85 92 126 48 2 49 72 9 63 58 104 -1
112 6 73 48 26 101 88 125 21 119 -1
13 95 82 88 39 31 89 59 104 18 -1
21 22 30 38 52 122 29 5 24 87 110 -1
35 91 25 39 46 1 27 29 5 24 102 -1
102 24 5 29 27 1 46 39 25 91 123 -1
8 41 25 88 101 26 48 73 6 112 -1
21 22 30 31 89 42 43 69 10 117 -1
106 14 53 23 2 11 46 39 30 22 119 -1
8 30 39 46 11 2 23 53 14 106 -1
107 3 100 14 66 80 63 105 42 113 -1
68 3 78 114 16 55 60 32 20 85 -1
15 3 78 114 2 79 0 101 88 91 35 -1
34 68 84 87 24 5 58 104 43 98 -1
12 3 115 61 102 24 86 10 4 111 -1
44 93 7 11 1 81 80 63 58 -1
58 63 80 81 1 11 7 93 82 -1
45 73 48 2 49 72 9 63 105 43 69 -1
4 43 105 63 9 72 49 2 48 73 6 -1
19 32 60 55 16 114 78 3 56 84 -1
35 91 88 101 0 79 2 114 78 3 68 -1
10 86 24 5 80 66 74 114 16 62 -1
85 92 40 82 88 39 31 89 17 64 111 -1
32 126 26 11 1 118 52 89 42 90 -1
98 43 104 58 5 24 102 61 115 -1
64 4 10 86 24 87 84 56 107 -1
54 33 39 46 11 0 48 99 55 -1
111 64 17 89 52 118 1 11 26 126 -1
8 22 125 91 82 40 50 20 75 -1
55 16 114 74 66 80 5 24 86 109 -1
83 92 126 48 2 23 53 61 87 84 -1
4 43 42 89 31 39 88 82 40 50 76 -1
47 51 52 118 1 11 2 114 16 62 -1
35 91 88 101 26 48 99 55 16 62 -1
31 52 122 29 80 66 14 100 12 56 -1
28 17 89 31 39 88 82 40 92 85 -1
69 10 86 24 102 61 14 100 78 -1
85 76 13 95 123 35 21 119 -1
57 30 88 101 26 126 32 75 -1
35 91 25 38 31 89 59 104 58 -1
