1 -82060 -82690.8 1044.97
2 -81900 -84583.7 5751.8
3 -81850 -83157 2510.01
4 -81470 -83169.2 3132.14
5 -81470 -83748.1 4185.49
6 -81170 -82814.8 4076.1
7 -80980 -82795.3 3886.07
8 -80595 -82988.8 4754.42
9 -80495 -81624.4 1513.12
10 -80475 -81154.4 1855.01
11 -80315 -81126 2170.19
12 -80130 -81515.1 3626.17
13 -80130 -81303.5 2796.58
14 -80090 -81138.2 2164.13
15 -80090 -80870.2 2004.13
16 -80070 -81261.9 3012.55
17 -79665 -81514.5 4332.43
18 -79625 -81193.6 4426.46
19 -79625 -80251.9 871.609
20 -79625 -80196 1011.21
21 -79605 -80365.9 2440.23
22 -79605 -80783.7 3950.34
23 -79575 -80674.8 3887.77
24 -79555 -80265.4 2314.21
25 -79555 -80320.5 2286.97
26 -79555 -80745.6 4228.45
27 -79355 -80314.9 2916.62
28 -79355 -80391.8 3575.34
29 -79215 -80332.3 3499.18
30 -79215 -79723 659.429
31 -79195 -80140.9 3331.96
32 -79185 -79552.2 615.354
33 -79145 -79581 600.893
34 -79135 -79481.9 524.241
35 -79085 -79513.9 616.695
36 -78835 -79391.6 523.085
37 -78785 -79420.8 655.625
38 -78785 -79279.1 726.431
39 -78785 -79235.8 663.529
40 -78785 -79138.3 556.464
41 -78785 -79138.7 650.614
42 -78785 -79121.7 535.411
43 -78785 -79161 612.713
44 -78785 -79130.7 580.985
45 -78785 -79074.3 500.888
46 -78785 -79208.9 608.362
47 -78785 -79154.8 583.172
48 -78785 -79131.3 574.168
49 -78785 -79119.8 568.91
50 -78785 -79096.7 523.942
51 -78785 -79162.4 626.879
52 -78785 -79184.5 626.623
53 -78785 -79117.2 562.812
54 -78785 -79133.6 586.245
55 -78785 -79188.1 648.259
56 -78785 -79129.3 561.197
57 -78785 -79119.1 567.055
58 -78785 -79133.1 527.684
59 -78785 -79168.7 559.419
60 -78785 -79077.9 525.109
61 -78785 -79157.3 626.058
62 -78785 -79073 529.361
63 -78785 -79139 568.969
64 -78785 -79107.6 497.402
65 -78785 -79125.6 607.057
66 -78785 -79162.3 605.465
67 -78670 -79136.8 567.276
68 -78670 -79113.2 525.382
69 -78670 -79110.1 552.369
70 -78670 -78976.6 467.264
71 -78670 -78998.9 481.003
72 -78670 -78958.3 444.433
73 -78670 -79029.5 530.6
74 -78670 -78986.3 477.296
75 -78670 -78956.1 455.924
76 -78670 -79001.4 497.622
77 -78670 -78979.3 473.765
78 -78670 -78957.8 423.628
79 -78670 -78959.1 478.956
80 -78670 -79001.7 470.164
81 -78670 -78954.9 468.306
82 -78670 -78984.6 481.133
83 -78670 -78995.1 479.598
84 -78670 -78977.3 471.57
85 -78670 -79004.5 525.462
86 -78620 -78997.2 541.779
87 -78595 -78961.7 477.134
88 -78450 -78926.6 491.573
89 -78435 -78854.6 462.69
90 -78435 -78786.9 445.217
91 -78425 -78713.2 457.19
92 -78425 -78739.4 471.993
93 -78425 -78709.7 433.98
94 -78425 -78757.8 493.56
95 -78425 -78769.6 480.918
96 -78425 -78754.5 482.815
97 -78425 -78714.8 454.635
98 -78425 -78778.5 508.587
99 -78425 -78744.2 473.036
100 -78425 -78748 501.832
